mel filter bank: 2048 40 130.0 6800.0
129.19921875 172.265625 215.33203125 129.19921875 21.533203125
6 0.0 0.5 1.0 0.5 0.0
172.265625 215.33203125 279.931640625 172.265625 21.533203125
8 0.0 0.5 1.0 0.6666666666666667 0.33333333333333337 0.0
215.33203125 279.931640625 322.998046875 215.33203125 21.533203125
10 0.0 0.3333333333333333 0.6666666666666666 1.0 0.5 0.0
279.931640625 322.998046875 387.59765625 279.931640625 21.533203125
13 0.0 0.5 1.0 0.6666666666666667 0.33333333333333337 0.0
322.998046875 387.59765625 452.197265625 322.998046875 21.533203125
15 0.0 0.3333333333333333 0.6666666666666666 1.0 0.6666666666666667 0.33333333333333337 0.0
387.59765625 452.197265625 516.796875 387.59765625 21.533203125
18 0.0 0.3333333333333333 0.6666666666666666 1.0 0.6666666666666667 0.33333333333333337 0.0
452.197265625 516.796875 581.396484375 452.197265625 21.533203125
21 0.0 0.3333333333333333 0.6666666666666666 1.0 0.6666666666666667 0.33333333333333337 0.0
516.796875 581.396484375 645.99609375 516.796875 21.533203125
24 0.0 0.3333333333333333 0.6666666666666666 1.0 0.6666666666666667 0.33333333333333337 0.0
581.396484375 645.99609375 710.595703125 581.396484375 21.533203125
27 0.0 0.3333333333333333 0.6666666666666666 1.0 0.6666666666666667 0.33333333333333337 0.0
645.99609375 710.595703125 796.728515625 645.99609375 21.533203125
30 0.0 0.3333333333333333 0.6666666666666666 1.0 0.75 0.5 0.25 0.0
710.595703125 796.728515625 882.861328125 710.595703125 21.533203125
33 0.0 0.25 0.5 0.75 1.0 0.75 0.5 0.25 0.0
796.728515625 882.861328125 968.994140625 796.728515625 21.533203125
37 0.0 0.25 0.5 0.75 1.0 0.75 0.5 0.25 0.0
882.861328125 968.994140625 1055.126953125 882.861328125 21.533203125
41 0.0 0.25 0.5 0.75 1.0 0.75 0.5 0.25 0.0
968.994140625 1055.126953125 1162.79296875 968.994140625 21.533203125
45 0.0 0.25 0.5 0.75 1.0 0.8 0.6000000000000001 0.4 0.20000000000000007 0.0
1055.126953125 1162.79296875 1248.92578125 1055.126953125 21.533203125
49 0.0 0.19999999999999998 0.39999999999999997 0.6 0.7999999999999999 1.0 0.75 0.5 0.25 0.0
1162.79296875 1248.92578125 1378.125 1162.79296875 21.533203125
54 0.0 0.25 0.5 0.75 1.0 0.8333333333333334 0.6666666666666667 0.5 0.33333333333333337 0.16666666666666674 0.0
1248.92578125 1378.125 1485.791015625 1248.92578125 21.533203125
58 0.0 0.16666666666666666 0.3333333333333333 0.5 0.6666666666666666 0.8333333333333333 1.0 0.8 0.6000000000000001 0.4 0.20000000000000007 0.0
1378.125 1485.791015625 1593.45703125 1378.125 21.533203125
64 0.0 0.19999999999999998 0.39999999999999997 0.6 0.7999999999999999 1.0 0.8 0.6000000000000001 0.4 0.20000000000000007 0.0
1485.791015625 1593.45703125 1722.65625 1485.791015625 21.533203125
69 0.0 0.19999999999999998 0.39999999999999997 0.6 0.7999999999999999 1.0 0.8333333333333334 0.6666666666666667 0.5 0.33333333333333337 0.16666666666666674 0.0
1593.45703125 1722.65625 1873.388671875 1593.45703125 21.533203125
74 0.0 0.16666666666666666 0.3333333333333333 0.5 0.6666666666666666 0.8333333333333333 1.0 0.8571428571428572 0.7142857142857143 0.5714285714285714 0.4285714285714286 0.2857142857142857 0.1428571428571428 0.0
1722.65625 1873.388671875 2002.587890625 1722.65625 21.533203125
80 0.0 0.14285714285714285 0.2857142857142857 0.4285714285714286 0.5714285714285714 0.7142857142857143 0.8571428571428572 1.0 0.8333333333333334 0.6666666666666667 0.5 0.33333333333333337 0.16666666666666674 0.0
1873.388671875 2002.587890625 2153.3203125 1873.388671875 21.533203125
87 0.0 0.16666666666666666 0.3333333333333333 0.5 0.6666666666666666 0.8333333333333333 1.0 0.8571428571428572 0.7142857142857143 0.5714285714285714 0.4285714285714286 0.2857142857142857 0.1428571428571428 0.0
2002.587890625 2153.3203125 2304.052734375 2002.587890625 21.533203125
93 0.0 0.14285714285714285 0.2857142857142857 0.4285714285714286 0.5714285714285714 0.7142857142857143 0.8571428571428572 1.0 0.8571428571428572 0.7142857142857143 0.5714285714285714 0.4285714285714286 0.2857142857142857 0.1428571428571428 0.0
2153.3203125 2304.052734375 2476.318359375 2153.3203125 21.533203125
100 0.0 0.14285714285714285 0.2857142857142857 0.4285714285714286 0.5714285714285714 0.7142857142857143 0.8571428571428572 1.0 0.875 0.75 0.625 0.5 0.375 0.25 0.125 0.0
2304.052734375 2476.318359375 2648.583984375 2304.052734375 21.533203125
107 0.0 0.125 0.25 0.375 0.5 0.625 0.75 0.875 1.0 0.875 0.75 0.625 0.5 0.375 0.25 0.125 0.0
2476.318359375 2648.583984375 2842.3828125 2476.318359375 21.533203125
115 0.0 0.125 0.25 0.375 0.5 0.625 0.75 0.875 1.0 0.8888888888888888 0.7777777777777778 0.6666666666666666 0.5555555555555556 0.4444444444444444 0.33333333333333326 0.2222222222222222 0.11111111111111105 0.0
2648.583984375 2842.3828125 3036.181640625 2648.583984375 21.533203125
123 0.0 0.11111111111111112 0.22222222222222224 0.33333333333333337 0.4444444444444445 0.5555555555555556 0.6666666666666667 0.7777777777777778 0.888888888888889 1.0 0.8888888888888888 0.7777777777777778 0.6666666666666666 0.5555555555555556 0.4444444444444444 0.33333333333333326 0.2222222222222222 0.11111111111111105 0.0
2842.3828125 3036.181640625 3229.98046875 2842.3828125 21.533203125
132 0.0 0.11111111111111112 0.22222222222222224 0.33333333333333337 0.4444444444444445 0.5555555555555556 0.6666666666666667 0.7777777777777778 0.888888888888889 1.0 0.8888888888888888 0.7777777777777778 0.6666666666666666 0.5555555555555556 0.4444444444444444 0.33333333333333326 0.2222222222222222 0.11111111111111105 0.0
3036.181640625 3229.98046875 3445.3125 3036.181640625 21.533203125
141 0.0 0.11111111111111112 0.22222222222222224 0.33333333333333337 0.4444444444444445 0.5555555555555556 0.6666666666666667 0.7777777777777778 0.888888888888889 1.0 0.9 0.8 0.7 0.6000000000000001 0.5 0.4 0.30000000000000004 0.20000000000000007 0.09999999999999998 0.0
3229.98046875 3445.3125 3682.177734375 3229.98046875 21.533203125
150 0.0 0.09999999999999999 0.19999999999999998 0.3 0.39999999999999997 0.5 0.6 0.7 0.7999999999999999 0.9 1.0 0.9090909090909091 0.8181818181818181 0.7272727272727273 0.6363636363636364 0.5454545454545454 0.4545454545454545 0.36363636363636365 0.2727272727272727 0.18181818181818177 0.09090909090909083 0.0
3445.3125 3682.177734375 3919.04296875 3445.3125 21.533203125
160 0.0 0.09090909090909091 0.18181818181818182 0.27272727272727276 0.36363636363636365 0.4545454545454546 0.5454545454545455 0.6363636363636364 0.7272727272727273 0.8181818181818182 0.9090909090909092 1.0 0.9090909090909091 0.8181818181818181 0.7272727272727273 0.6363636363636364 0.5454545454545454 0.4545454545454545 0.36363636363636365 0.2727272727272727 0.18181818181818177 0.09090909090909083 0.0
3682.177734375 3919.04296875 4177.44140625 3682.177734375 21.533203125
171 0.0 0.09090909090909091 0.18181818181818182 0.27272727272727276 0.36363636363636365 0.4545454545454546 0.5454545454545455 0.6363636363636364 0.7272727272727273 0.8181818181818182 0.9090909090909092 1.0 0.9166666666666666 0.8333333333333334 0.75 0.6666666666666667 0.5833333333333334 0.5 0.41666666666666674 0.33333333333333337 0.25 0.16666666666666674 0.08333333333333337 0.0
3919.04296875 4177.44140625 4457.373046875 3919.04296875 21.533203125
182 0.0 0.08333333333333333 0.16666666666666666 0.25 0.3333333333333333 0.41666666666666663 0.5 0.5833333333333333 0.6666666666666666 0.75 0.8333333333333333 0.9166666666666666 1.0 0.9230769230769231 0.8461538461538461 0.7692307692307693 0.6923076923076923 0.6153846153846154 0.5384615384615385 0.46153846153846156 0.3846153846153847 0.3076923076923077 0.23076923076923084 0.15384615384615385 0.07692307692307698 0.0
4177.44140625 4457.373046875 4737.3046875 4177.44140625 21.533203125
194 0.0 0.07692307692307691 0.15384615384615383 0.23076923076923075 0.30769230769230765 0.3846153846153846 0.4615384615384615 0.5384615384615384 0.6153846153846153 0.6923076923076923 0.7692307692307692 0.8461538461538461 0.923076923076923 1.0 0.9230769230769231 0.8461538461538461 0.7692307692307693 0.6923076923076923 0.6153846153846154 0.5384615384615385 0.46153846153846156 0.3846153846153847 0.3076923076923077 0.23076923076923084 0.15384615384615385 0.07692307692307698 0.0
4457.373046875 4737.3046875 5038.76953125 4457.373046875 21.533203125
207 0.0 0.07692307692307691 0.15384615384615383 0.23076923076923075 0.30769230769230765 0.3846153846153846 0.4615384615384615 0.5384615384615384 0.6153846153846153 0.6923076923076923 0.7692307692307692 0.8461538461538461 0.923076923076923 1.0 0.9285714285714286 0.8571428571428572 0.7857142857142857 0.7142857142857143 0.6428571428571428 0.5714285714285714 0.5 0.4285714285714286 0.3571428571428571 0.2857142857142857 0.2142857142857143 0.1428571428571428 0.0714285714285714 0.0
4737.3046875 5038.76953125 5340.234375 4737.3046875 21.533203125
220 0.0 0.07142857142857142 0.14285714285714285 0.2142857142857143 0.2857142857142857 0.35714285714285715 0.4285714285714286 0.5 0.5714285714285714 0.6428571428571429 0.7142857142857143 0.7857142857142857 0.8571428571428572 0.9285714285714286 1.0 0.9285714285714286 0.8571428571428572 0.7857142857142857 0.7142857142857143 0.6428571428571428 0.5714285714285714 0.5 0.4285714285714286 0.3571428571428571 0.2857142857142857 0.2142857142857143 0.1428571428571428 0.0714285714285714 0.0
5038.76953125 5340.234375 5684.765625 5038.76953125 21.533203125
234 0.0 0.07142857142857142 0.14285714285714285 0.2142857142857143 0.2857142857142857 0.35714285714285715 0.4285714285714286 0.5 0.5714285714285714 0.6428571428571429 0.7142857142857143 0.7857142857142857 0.8571428571428572 0.9285714285714286 1.0 0.9375 0.875 0.8125 0.75 0.6875 0.625 0.5625 0.5 0.4375 0.375 0.3125 0.25 0.1875 0.125 0.0625 0.0
5340.234375 5684.765625 6029.296875 5340.234375 21.533203125
248 0.0 0.0625 0.125 0.1875 0.25 0.3125 0.375 0.4375 0.5 0.5625 0.625 0.6875 0.75 0.8125 0.875 0.9375 1.0 0.9375 0.875 0.8125 0.75 0.6875 0.625 0.5625 0.5 0.4375 0.375 0.3125 0.25 0.1875 0.125 0.0625 0.0
5684.765625 6029.296875 6416.89453125 5684.765625 21.533203125
264 0.0 0.0625 0.125 0.1875 0.25 0.3125 0.375 0.4375 0.5 0.5625 0.625 0.6875 0.75 0.8125 0.875 0.9375 1.0 0.9444444444444444 0.8888888888888888 0.8333333333333333 0.7777777777777778 0.7222222222222222 0.6666666666666666 0.6111111111111112 0.5555555555555556 0.5 0.4444444444444444 0.38888888888888884 0.33333333333333326 0.2777777777777778 0.2222222222222222 0.16666666666666663 0.11111111111111105 0.05555555555555547 0.0
6029.296875 6416.89453125 6804.4921875 6029.296875 21.533203125
280 0.0 0.05555555555555556 0.11111111111111112 0.16666666666666669 0.22222222222222224 0.2777777777777778 0.33333333333333337 0.3888888888888889 0.4444444444444445 0.5 0.5555555555555556 0.6111111111111112 0.6666666666666667 0.7222222222222222 0.7777777777777778 0.8333333333333334 0.888888888888889 0.9444444444444445 1.0 0.9444444444444444 0.8888888888888888 0.8333333333333333 0.7777777777777778 0.7222222222222222 0.6666666666666666 0.6111111111111112 0.5555555555555556 0.5 0.4444444444444444 0.38888888888888884 0.33333333333333326 0.2777777777777778 0.2222222222222222 0.16666666666666663 0.11111111111111105 0.05555555555555547 0.0
